0 213
0 10
0 317
0 297
0 308
0 153
0 335
0 342
0 24
0 52
0 348
0 20
0 309
0 268
0 38
0 207
0 281
0 117
0 80
0 318
0 133
0 275
0 44
0 74
0 141
0 62
0 223
0 249
0 26
0 48
0 341
0 183
0 345
0 326
0 171
0 241
0 283
0 274
0 259
0 78
0 173
0 235
0 34
0 336
0 324
0 319
0 243
0 271
0 169
0 189
0 312
0 284
0 301
0 338
0 315
0 50
0 197
0 285
0 2
0 54
0 253
0 306
0 291
0 36
0 125
0 42
0 139
0 295
0 68
0 195
0 328
0 147
0 84
0 330
0 121
0 82
0 109
0 60
0 187
0 105
0 115
0 6
0 76
0 28
0 179
0 199
0 193
0 16
0 30
0 111
0 294
0 237
0 86
0 18
0 264
0 287
0 217
0 329
0 14
0 255
0 340
0 303
0 304
0 245
0 282
0 211
0 344
0 66
0 277
0 258
0 272
0 135
0 269
0 289
0 22
0 161
0 323
0 256
0 209
0 260
0 325
0 229
0 155
0 332
0 279
0 333
0 339
0 322
0 314
0 321
0 191
0 346
0 94
0 266
0 305
0 131
0 293
0 263
0 320
0 280
0 316
0 72
0 347
0 129
0 90
0 145
0 96
0 286
0 225
0 58
0 273
0 334
0 119
0 8
0 127
0 46
0 219
0 270
0 32
0 261
0 64
0 101
0 4
0 231
0 267
0 302
0 278
0 257
0 296
0 215
0 113
0 149
0 165
0 201
0 227
0 205
0 350
0 123
0 107
0 233
0 40
0 313
0 185
0 0
0 311
0 203
0 163
0 175
0 143
0 290
0 159
0 247
0 92
0 97
0 12
0 157
0 299
0 310
0 331
0 265
0 327
0 70
1 134
1 148
1 98
1 236
1 87
1 180
1 61
1 126
1 198
1 162
1 71
1 57
1 114
1 69
1 49
1 250
1 95
1 33
1 240
1 45
1 182
1 186
1 146
1 110
1 232
1 108
1 100
1 176
1 228
1 37
1 13
1 55
1 17
1 168
1 172
1 196
1 77
1 15
1 93
1 59
1 166
1 184
1 35
1 65
1 218
1 112
1 152
1 102
1 188
1 53
1 144
1 75
1 244
1 204
1 9
1 222
1 238
1 83
1 140
1 51
1 85
1 27
1 178
1 150
1 79
1 220
1 91
1 242
1 120
1 11
1 248
1 206
1 23
1 81
1 226
1 164
1 212
1 200
1 41
1 230
1 1
1 118
1 154
1 160
1 246
1 116
1 142
1 128
1 25
1 214
1 67
1 47
1 174
1 158
1 224
1 192
1 73
1 130
1 19
1 29
1 202
1 7
1 43
1 208
1 122
1 194
1 136
1 104
1 138
1 124
1 252
1 170
1 132
